**110**Количество пройденных подземелий, номер подземелья с игроком, количество сохранений, количество сердец, количество смертей, дары,
x_pred, y_pred, boss_battle, phase_flag, dialog_phase, vub_flag, m, k, z, min_hero_sila, sch_10, monster_HP_visible
S  0  1  2, 0, 0, 0, 0, 0, 0, 0, 0, 0, 0  2, 0, 0, 0, 0, 0, 0, 0, 0, 0, 0  0  0, 0, 0, 0, 0, 0, 0, 0, 0, 0, 0  0, 0, 0, 0, 0, 0, 0, 0, 0, 0  6  4 -1 -1 -1  0  1  1  1  1  0  1
R3  9  9
  100  100  100  100  100  100  100  100  100|  100  100  100  100  100  100  100  100  100|  100  100  100  100  100  100  100  100  100
  100  100  100  100  100  100  100  100  100|  100  100  100  100  100  100  100  100  100|  100  100  100  100  100  100  100  100  100
  100  100    0    0    0    0    0  100  100|  100  100    0    0    0    0   -2  100  100|  100  100    0    0   -2    0    0  100  100
  100  100    0    0    0   -2   -2  100  100|  100  100    0    0   -2    0    0  100  100|  100  100    0    0    0    0   -2  100  100
    0    0    0    0   -2    0    0    3  100|    0    0    0    0    0   -2    2   29  100|    0    0    0    0    0    2    0   29  100
  100  100   -2   -2    0    0    0  100  100|  100  100    0    0    0    0    0  100  100|  100  100   -2   -2    0   -2    0  100  100
  100  100    0    0    0    0    0  100  100|  100  100   -2   -2    0    0    0  100  100|  100  100    0    0    0    0    0  100  100
  100  100  100  100  100  100  100  100  100|  100  100  100  100  100  100  100  100  100|  100  100  100  100  100  100  100  100  100
  100  100  100  100  100  100  100  100  100|  100  100  100  100  100  100  100  100  100|  100  100  100  100  100  100  100  100  100
  2  2  5 86
  2  3  5 86
  2  4  4 78
  2  5  3 86
  2  6  3 78
  0  0  0  0
  0  0  0  0
  0  0  0  0
  0  0  0  0
  0  0  0  0
  0  0  0  0
  0  0  0  0
  0  0  0  0
  0  0  0  0
  0  0  0  0
  0  0  0  0
  0  0  0  0
  0  0  0  0
  0  0  0  0
  0  0  0  0
-
  2  2  6 78
  2  3  6 78
  2  4  3 78
  2  5  4 86
  2  6  2 86
  0  0  0  0
  0  0  0  0
  0  0  0  0
  0  0  0  0
  0  0  0  0
  0  0  0  0
  0  0  0  0
  0  0  0  0
  0  0  0  0
  0  0  0  0
  0  0  0  0
  0  0  0  0
  0  0  0  0
  0  0  0  0
  0  0  0  0
-
  2  2  5 78
  2  3  5 78
  2  4  2 86
  2  5  5 86
  2  6  3 86
  0  0  0  0
  0  0  0  0
  0  0  0  0
  0  0  0  0
  0  0  0  0
  0  0  0  0
  0  0  0  0
  0  0  0  0
  0  0  0  0
  0  0  0  0
  0  0  0  0
  0  0  0  0
  0  0  0  0
  0  0  0  0
  0  0  0  0
-
   0 100   0   2
   0 100   0   2
   0 100   0   2

D  3  3  3  9  9
  100  100  100  100  100  100  100  100  100  100  100  100  100  100  100  100  100  100  100  100  100  100  100  100  100  100  100
  100  100  100  100   29  100  100  100  100  100  100  100  100  100  100  100  100  100  100  100  100  100  100  100  100  100  100
  100  100    0   -1   -1   -1    0  100  100  100  100    0   -1    0    0    0  100  100  100  100    0    0    0    0    0  100  100
  100  100   -1    0    0    0   -1  100  100  100  100    0    0    0   -1    0  100  100  100  100    0   -1    0   -1   -1  100  100
  100  100    0    0   -3    0    0  100  100  100  100    0   -1    0   -1    0    0    0    0    0    0   -1   -2    0   -1   29  100
  100  100   -1    0    0    0   -1  100  100  100  100    0    0   -1   -1    0  100  100  100  100    0   -1    0   -1   -1  100  100
  100  100    0    0    0    0    0  100  100  100  100    0   -1    0    0    0  100  100  100  100    0    0    0    0    0  100  100
  100  100  100  100    0  100  100  100  100  100  100  100  100    0  100  100  100  100  100  100  100  100  100  100  100  100  100
  100  100  100  100    0  100  100  100  100  100  100  100  100    0  100  100  100  100  100  100  100  100  100  100  100  100  100
  100  100  100  100    0  100  100  100  100  100  100  100  100    0  100  100  100  100  100  100  100  100  100  100  100  100  100
  100  100  100  100    0  100  100  100  100  100  100  100  100    0  100  100  100  100  100  100  100  100  100  100  100  100  100
  100  100    0    0    0    0    0  100  100  100  100    0    0    0    0    0  100  100  100  100    0    0    0    0    0  100  100
  100  100    0    0    0    0    0  100  100  100  100    0   -1   -1   -1    0  100  100  100  100    0    0    0    0    0  100  100
  100  100    0    0    0    0    0    0    0    0    0    0   -1   -1   -1    0    0    0    0    0    0    0   79    0    0  100  100
  100  100    0    0    0    0    0  100  100  100  100    0   -1   -1   -1    0  100  100  100  100    0    0    0    0    0  100  100
  100  100    0    0    0    0    0  100  100  100  100    0    0    0    0    0  100  100  100  100    0    0    0    0    0  100  100
  100  100  100  100  100  100  100  100  100  100  100  100  100    0  100  100  100  100  100  100  100  100    0  100  100  100  100
  100  100  100  100  100  100  100  100  100  100  100  100  100    0  100  100  100  100  100  100  100  100    0  100  100  100  100
  100  100  100  100  100  100  100  100  100  100  100  100  100    0  100  100  100  100  100  100  100  100    0  100  100  100  100
  100  100  100  100  100  100  100  100  100  100  100  100  100    0  100  100  100  100  100  100  100  100    0  100  100  100  100
  100  100    0    0    0    0   -1  100  100  100  100    0   -1    0    0    0  100  100  100  100    0   -1    0   -1    0  100  100
  100  100   -1   -1    0   -1    0  100  100  100  100    0   -1   -1   -1    0  100  100  100  100    0   -1    0   -1    0  100  100
  100   29   -1    0   -2    0    0    0    0    0    0    0    0   -1    0    0  100  100  100  100    0    0   -3    0    0  100  100
  100  100   -1   -1    0   -1    0  100  100  100  100    0   -1    0   -1    0  100  100  100  100    0    0   -1    0    0  100  100
  100  100    0    0    0    0   -1  100  100  100  100    0    0    0    0    0  100  100  100  100   -1   -1   -1   -1   -1  100  100
  100  100  100  100  100  100  100  100  100  100  100  100  100  100  100  100  100  100  100  100  100  100   29  100  100  100  100
  100  100  100  100  100  100  100  100  100  100  100  100  100  100  100  100  100  100  100  100  100  100  100  100  100  100  100

  100  100  100  100  100  100  100  100  100  100  100  100  100  100  100  100  100  100  100  100  100  100  100  100  100  100  100
  100  100  100  100  100  100  100  100  100  100  100  100  100  100  100  100  100  100  100  100  100  100  100  100  100  100  100
  100  100    0    0    0    0    0  100  100  100  100    0   -2    0    0    0  100  100  100  100    0    0    0    0    0  100  100
  100  100    0   -2    0    0   -8  100  100  100  100    0    0   -2   -1    0  100  100  100  100    0    0    0    0    0  100  100
  100  100    0    0    0    0    0    0    0    0    0    0    0    0   -1    0    0    0    0    0   -6    0    0    0    0  100  100
  100  100    0    0    0   -1    0  100  100  100  100   -2    0    0   -1    0  100  100  100  100    0    0    0    0    0  100  100
  100  100    0    0    0   -1    0  100  100  100  100    0    0    0    0    0  100  100  100  100    0    0    0   -3    0  100  100
  100  100  100  100    0  100  100  100  100  100  100  100  100  100  100  100  100  100  100  100  100  100    0  100  100  100  100
  100  100  100  100    0  100  100  100  100  100  100  100  100  100  100  100  100  100  100  100  100  100    0  100  100  100  100
  100  100  100  100    0  100  100  100  100  100  100  100  100  100  100  100  100  100  100  100  100  100    0  100  100  100  100
  100  100  100  100    0  100  100  100  100  100  100  100  100  100  100  100  100  100  100  100  100  100    0  100  100  100  100
  100  100   -1    0    0    0   -1  100  100  100  100    0    0    0    0    0  100  100  100  100    0    0    0    0    0  100  100
  100  100    0    0    0   -3    0  100  100  100  100    0    0    0   -2   -2  100  100  100  100    0    0    0    0    0  100  100
  100  100    0    0   -1    0    0    0    0    0    0    0    0   -2    0    0    3  100  100  100    0    0   19    0    0  100  100
  100  100    0    0    0   -3    0  100  100  100  100   -2   -2    0    0    0  100  100  100  100    0    0    0    0    0  100  100
  100  100    0    0    0    0    0  100  100  100  100    0    0    0    0    0  100  100  100  100    0    0    0    0    0  100  100
  100  100  100  100    0  100  100  100  100  100  100  100  100  100  100  100  100  100  100  100  100  100    0  100  100  100  100
  100  100  100  100    0  100  100  100  100  100  100  100  100  100  100  100  100  100  100  100  100  100    0  100  100  100  100
  100  100  100  100    0  100  100  100  100  100  100  100  100  100  100  100  100  100  100  100  100  100    0  100  100  100  100
  100  100  100  100    0  100  100  100  100  100  100  100  100  100  100  100  100  100  100  100  100  100    0  100  100  100  100
  100  100    0    0    0   -3    0  100  100  100  100    0    0   -5    0    0  100  100  100  100    0    0    0    0   -3  100  100
  100  100    0    0   -3    0    0  100  100  100  100    0    0  100    0    0  100  100  100  100    0    0    0    0   -3  100  100
  100  100    0    0    0    0    0    0    0    0    0    0    0    0   79    0  100  100  100  100    0   -3    0    0    0  100  100
  100  100   -3    0    0    0    0  100  100  100  100    0    0  100    0    0  100  100  100  100   -3    0    0    0    0  100  100
  100  100    0    0    0    0   -2  100  100  100  100    0    0   -5    0    0  100  100  100  100    0    0   -3    0    0  100  100
  100  100  100  100  100  100  100  100  100  100  100  100  100  100  100  100  100  100  100  100  100  100    0  100  100  100  100
  100  100  100  100  100  100  100  100  100  100  100  100  100  100  100  100  100  100  100  100  100  100  100  100  100  100  100

  100  100  100  100  100  100  100  100  100  100  100  100  100  100  100  100  100  100  100  100  100  100  100  100  100  100  100
  100  100    0    0    0    0    0  100  100  100  100  100  100  100  100  100  100  100  100  100  100  100  100  100  100  100  100
  100    0    0  100    0  100    0    0  100  100  100   -5    0   -5    0    0  100  100  100  100    0    0    0   -5   -5  100  100
  100    0  100  100  -10  100  100    0  100  100  100    0  100    0    0    0  100  100  100  100    0    0  100  100   -5  100  100
  100    0    0    0  100    0    0    0  100  100  100   -5  100    0    0    0    0    0    0    0    0    0    0  100    0  100  100
  100    0  100  100    0  100  100    0  100  100  100    0    0    0    0    0  100  100  100  100    0    0    0    0    0  100  100
  100    0    0    0    0    0    0    0  100  100  100    0    0    0    0    0  100  100  100  100    0    0    0    0    0  100  100
  100  100    0    0    0    0    0  100  100  100  100  100  100    0  100  100  100  100  100  100  100  100    0  100  100  100  100
  100  100  100  100    0  100  100  100  100  100  100  100  100    0  100  100  100  100  100  100  100  100    0  100  100  100  100
  100  100  100  100    0  100  100  100  100  100  100  100  100    0  100  100  100  100  100  100  100  100    0  100  100  100  100
  100  100  100  100    0  100  100  100  100  100  100  100  100    0  100  100  100  100  100  100  100  100    0  100  100  100  100
  100  100    0    0   -5   -5   -5  100  100  100  100    0    0    0    0    0  100  100  100  100    0    0    0    0    0  100  100
  100  100    0    0  100   -5    0  100  100  100  100    0    0  100    0    0  100  100  100  100    0    0    0    0    0  100  100
  100  100    0    0    0  100    0    0    0    0    0    0  100    0    0    0  100  100  100  100    0    0    0    0    0  100  100
  100  100    0    0    0    0    0  100  100  100  100    0    0    0   -5   -5  100  100  100  100    0  100    0  100    0  100  100
  100  100    0    0    0    0    0  100  100  100  100    0    0    0   -5   -5  100  100  100  100   -5  100    0  100   -5  100  100
  100  100  100  100  100  100  100  100  100  100  100  100  100  100  100  100  100  100  100  100  100  100    0  100  100  100  100
  100  100  100  100  100  100  100  100  100  100  100  100  100  100  100  100  100  100  100  100  100  100    0  100  100  100  100
  100  100  100  100  100  100  100  100  100  100  100  100  100  100  100  100  100  100  100  100  100  100    0  100  100  100  100
  100  100  100  100  100  100  100  100  100  100  100  100  100  100  100  100  100  100  100  100  100  100    0  100  100  100  100
  100  100    0    0   -5    0    0  100  100  100  100    0    0    0    0    0  100  100  100  100    0    0    0    0   -5  100  100
  100  100    0    0    0    0   -5  100  100  100  100    0    0    0    0    0  100  100  100  100    0  100    0    0    0  100  100
  100  100   -5    0    0    0    0    0    0    0    0    0    0    0   19    0    0    0    0    0    0    0    0    0  100  100  100
  100  100    0    0    0    0   -5  100  100  100  100    0    0    0    0    0  100  100  100  100    0    0  100    0    0  100  100
  100  100    0    0   -5    0    0  100  100  100  100    0    0    0    0    0  100  100  100  100   -5    0    0    0    0  100  100
  100  100  100  100  100  100  100  100  100  100  100  100  100  100  100  100  100  100  100  100  100  100  100  100  100  100  100
  100  100  100  100  100  100  100  100  100  100  100  100  100  100  100  100  100  100  100  100  100  100  100  100  100  100  100


T 120
ch  x  y  m  k  z napr
  1  4  2  0  0  0  0
  1  5  2  0  0  0  0
  1  3  2  1  0  0  0
  1  2  3  0  0  0  0
  1  6  3  0  0  0  0
  1  5  3  1  0  0  0
  1  3  3  2  0  0  0
  1  5  3  2  0  0  0
  1  6  3  2  0  0  0
  3  4  4  0  0  0 80
  1  3  4  1  0  0  0
  1  5  4  1  0  0  0
  1  3  4  2  0  0  0
  2  4  4  2  0  0 86
  1  6  4  2  0  0  0
  1  2  5  0  0  0  0
  1  6  5  0  0  0  0
  1  4  5  1  0  0  0
  1  5  5  1  0  0  0
  1  3  5  2  0  0  0
  1  5  5  2  0  0  0
  1  6  5  2  0  0  0
  1  3  6  1  0  0  0
  1  3  3  1  1  0  0
  1  4  3  1  1  0  0
  1  5  3  1  1  0  0
  1  3  4  1  1  0  0
  1  4  4  1  1  0  0
  1  5  4  1  1  0  0
  1  3  5  1  1  0  0
  1  4  5  1  1  0  0
  1  5  5  1  1  0  0
  1  6  2  0  2  0  0
  1  3  2  1  2  0  0
  1  3  2  2  2  0  0
  1  5  2  2  2  0  0
  1  2  3  0  2  0  0
  1  3  3  0  2  0  0
  1  5  3  0  2  0  0
  1  3  3  1  2  0  0
  1  4  3  1  2  0  0
  1  5  3  1  2  0  0
  1  3  3  2  2  0  0
  1  5  3  2  2  0  0
  1  2  4  0  2  0  0
  2  4  4  0  2  0 86
  1  4  4  1  2  0  0
  3  4  4  2  2  0 80
  1  2  5  0  2  0  0
  1  3  5  0  2  0  0
  1  5  5  0  2  0  0
  1  3  5  1  2  0  0
  1  5  5  1  2  0  0
  1  4  5  2  2  0  0
  1  6  6  0  2  0  0
  1  2  6  2  2  0  0
  1  3  6  2  2  0  0
  1  4  6  2  2  0  0
  1  5  6  2  2  0  0
  1  6  6  2  2  0  0
  2  3  3  0  0  1 86
  7  6  3  0  0  1 78
  1  5  3  1  0  1  0
  5  2  4  2  0  1 80
  2  2  5  1  0  1 78
  1  5  4  1  0  1  0
  0  0  0  0  0  1  0
  2  3  2  1  0  1 86
  1  5  5  1  0  1  0
  0  0  0  2  0  1  0
  0  0  0  0  0  1  0
  0  0  0  0  0  1  0
  2  4  3  1  0  1 78
  3  5  6  2  0  1 80
  0  0  0  2  0  1  0
  1  2  2  0  1  1  0
  1  6  2  0  1  1  0
  3  5  3  0  1  1 76
  2  2  5  1  1  1 86
  2  3  5  1  1  1 86
  1  4  4  0  1  1  0
  2  4  4  1  1  1 78
  3  5  5  0  1  1 76
  2  5  3  1  1  1 86
  2  6  3  1  1  1 78
  3  5  2  0  2  1 80
  5  4  2  1  2  1  0
  3  6  2  2  2  1 80
  3  4  3  0  2  1 76
  3  6  3  2  2  1 80
  3  3  4  2  2  1 80
  3  2  5  0  2  1 80
  3  2  5  2  2  1 76
  2  6  6  0  2  1 86
  5  4  6  1  2  1  0
  3  4  6  2  2  1 76
  5  2  2  1  0  2  0
  5  4  2  1  0  2  0
  5  5  2  2  0  2  0
  5  6  2  2  0  2  0
  5  6  3  2  0  2  0
  5  2  4  1  0  2  0
  5  4  2  0  1  2  0
  5  5  2  0  1  2  0
  5  6  2  0  1  2  0
  5  5  3  0  1  2  0
  5  5  5  1  1  2  0
  5  6  5  1  1  2  0
  5  5  6  1  1  2  0
  5  6  6  1  1  2  0
  5  2  6  2  1  2  0
  5  6  6  2  1  2  0
  5  4  2  0  2  2  0
  5  6  2  2  2  2  0
  5  6  3  0  2  2  0
  5  2  4  0  2  2  0
  5  6  5  0  2  2  0
  5  5  6  0  2  2  0
  5  2  6  2  2  2  0
  0  0  0  0  0  0  0
K
  0  0  0
  0  0  0
  0  0  0

  0  0  0
  3  0  0
  0  0  0

  0  0  0
  0  0  0
  0  0  0

