100 100 100 100 100 100 100 100 100 100 100 100 100 100 100 100 100 100 100 100 100 100 100 100 100 100 100
100 100 100 100 29 100 100 100 100 100 100 100 100 100 100 100 100 100 100 100 100 100 100 100 100 100 100
100 100 0 -1 -1 -1 0 100 100 100 100 0 -1 0 0 0 100 100 100 100 0 0 0 0 0 100 100
100 100 -1 0 0 0 -1 100 100 100 100 0 0 0 -1 0 100 100 100 100 0 -1 0 -1 -1 100 100
100 100 0 0 -3 0 0 100 100 100 100 0 -1 0 -1 0 0 0 0 0 0 -1 -2 0 -1 29 100
100 100 -1 0 0 0 -1 100 100 100 100 0 0 -1 -1 0 100 100 100 100 0 -1 0 -1 -1 100 100
100 100 0 0 0 0 0 100 100 100 100 0 -1 0 0 0 100 100 100 100 0 0 0 0 0 100 100
100 100 100 100 0 100 100 100 100 100 100 100 100 0 100 100 100 100 100 100 100 100 100 100 100 100 100
100 100 100 100 0 100 100 100 100 100 100 100 100 0 100 100 100 100 100 100 100 100 100 100 100 100 100
100 100 100 100 0 100 100 100 100 100 100 100 100 0 100 100 100 100 100 100 100 100 100 100 100 100 100
100 100 100 100 0 100 100 100 100 100 100 100 100 0 100 100 100 100 100 100 100 100 100 100 100 100 100
100 100 0 0 0 0 0 100 100 100 100 0 0 0 0 0 100 100 100 100 0 0 0 0 0 100 100
100 100 0 0 0 0 0 100 100 100 100 0 -1 -1 -1 0 100 100 100 100 0 0 0 0 0 100 100
100 100 0 0 1 0 0 0 0 0 0 0 -1 -1 -1 0 0 0 0 0 0 0 79 0 0 100 100
100 100 0 0 0 0 0 100 100 100 100 0 -1 -1 -1 0 100 100 100 100 0 0 0 0 0 100 100
100 100 0 0 0 0 0 100 100 100 100 0 0 0 0 0 100 100 100 100 0 0 0 0 0 100 100
100 100 100 100 100 100 100 100 100 100 100 100 100 0 100 100 100 100 100 100 100 100 0 100 100 100 100
100 100 100 100 100 100 100 100 100 100 100 100 100 0 100 100 100 100 100 100 100 100 0 100 100 100 100
100 100 100 100 100 100 100 100 100 100 100 100 100 0 100 100 100 100 100 100 100 100 0 100 100 100 100
100 100 100 100 100 100 100 100 100 100 100 100 100 0 100 100 100 100 100 100 100 100 0 100 100 100 100
100 100 0 0 0 0 -1 100 100 100 100 0 -1 0 0 0 100 100 100 100 0 -1 0 -1 0 100 100
100 100 -1 -1 0 -1 0 100 100 100 100 0 -1 -1 -1 0 100 100 100 100 0 -1 0 -1 0 100 100
100 29 -1 0 -2 0 0 0 0 0 0 0 0 -1 0 0 100 100 100 100 0 0 -3 0 0 100 100
100 100 -1 -1 0 -1 0 100 100 100 100 0 -1 0 -1 0 100 100 100 100 0 0 -1 0 0 100 100
100 100 0 0 0 0 -1 100 100 100 100 0 0 0 0 0 100 100 100 100 -1 -1 -1 -1 -1 100 100
100 100 100 100 100 100 100 100 100 100 100 100 100 100 100 100 100 100 100 100 100 100 29 100 100 100 100
100 100 100 100 100 100 100 100 100 100 100 100 100 100 100 100 100 100 100 100 100 100 100 100 100 100 100

100 100 100 100 100 100 100 100 100 100 100 100 100 100 100 100 100 100 100 100 100 100 100 100 100 100 100
100 100 100 100 100 100 100 100 100 100 100 100 100 100 100 100 100 100 100 100 100 100 100 100 100 100 100
100 100 0 -2 0 0 0 100 100 100 100 0 0 0 0 0 100 100 100 100 0 0 0 0 0 100 100
100 100 0 0 -3 0 0 100 100 100 100 0 0 0 -1 0 100 100 100 100 -3 0 0 0 0 100 100
100 100 0 0 0 0 0 0 0 0 0 -2 0 0 -1 0 0 0 0 0 0 0 0 0 0 100 100
100 100 0 0 0 0 -2 100 100 100 100 0 -2 0 -1 0 100 100 100 100 0 0 -1 0 0 100 100
100 100 -3 0 0 -2 0 100 100 100 100 0 0 -2 0 0 100 100 100 100 -3 0 0 -2 0 100 100
100 100 100 100 000 100 100 100 100 100 100 100 100 100 100 100 100 100 100 100 100 100 000 100 100 100 100
100 100 100 100 000 100 100 100 100 100 100 100 100 100 100 100 100 100 100 100 100 100 000 100 100 100 100
100 100 100 100 000 100 100 100 100 100 100 100 100 100 100 100 100 100 100 100 100 100 000 100 100 100 100
100 100 100 100 000 100 100 100 100 100 100 100 100 100 100 100 100 100 100 100 100 100 000 100 100 100 100
100 100 -1 0 0 0 -1 100 100 100 100 0 0 0 0 0 100 100 100 100 0 0 0 0 0 100 100
100 100 0 0 0 0 -3 100 100 100 100 -2 -2 0 0 0 100 100 100 100 0 0 0 0 0 100 100
100 100 0 0 -1 0 0 0 0 0 0 0 0 -2 0 0 29 100 100 100 0 0 19 0 0 100 100
100 100 0 0 0 0 -3 100 100 100 100 0 0 0 -2 -2 100 100 100 100 0 0 0 0 0 100 100
100 100 0 0 0 0 0 100 100 100 100 0 0 0 0 0 100 100 100 100 0 0 0 0 0 100 100
100 100 100 100 000 100 100 100 100 100 100 100 100 100 100 100 100 100 100 100 100 100 000 100 100 100 100
100 100 100 100 000 100 100 100 100 100 100 100 100 100 100 100 100 100 100 100 100 100 000 100 100 100 100
100 100 100 100 000 100 100 100 100 100 100 100 100 100 100 100 100 100 100 100 100 100 000 100 100 100 100
100 100 100 100 000 100 100 100 100 100 100 100 100 100 100 100 100 100 100 100 100 100 000 100 100 100 100
100 100 000 000 000 0-3 000 100 100 100 100 000 000 0-5 000 000 100 100 100 100 000 0-3 000 000 000 100 100
100 100 000 000 0-3 000 000 100 100 100 100 000 000 100 000 000 100 100 100 100 000 0-3 000 000 000 100 100
100 100 000 000 000 000 000 000 000 000 000 000 000 000 079 000 100 100 100 100 000 000 0-3 000 000 100 100
100 100 0-3 000 000 000 000 100 100 100 100 000 000 100 000 000 100 100 100 100 000 000 000 0-3 000 100 100
100 100 000 000 000 000 0-2 100 100 100 100 000 000 0-5 000 000 100 100 100 100 000 000 000 0-3 000 100 100
100 100 100 100 100 100 100 100 100 100 100 100 100 100 100 100 100 100 100 100 100 100 29 100 100 100 100
100 100 100 100 100 100 100 100 100 100 100 100 100 100 100 100 100 100 100 100 100 100 100 100 100 100 100

100 100 100 100 100 100 100 100 100 100 100 100 100 100 100 100 100 100 100 100 100 100 100 100 100 100 100
100 100 0 0 0 0 0 100 100 100 100 100 100 100 100 100 100 100 100 100 100 100 100 100 100 100 100
100 0 0 100 0 100 0 0 100 100 100 -5 0 -5 0 0 100 100 100 100 0 0 0 -5 -5 100 100
100 0 100 100 -10 100 100 0 100 100 100 0 100 0 0 0 100 100 100 100 0 0 100 100 -5 100 100
100 0 0 0 100 0 0 0 100 100 100 -5 100 0 0 0 0 0 0 0 0 0 0 100 0 100 100
100 0 100 100 0 100 100 0 100 100 100 0 0 0 0 0 100 100 100 100 0 0 0 0 0 100 100
100 0 0 0 0 0 0 0 100 100 100 0 0 0 0 0 100 100 100 100 0 0 0 0 0 100 100
100 100 0 0 0 0 0 100 100 100 100 100 100 0 100 100 100 100 100 100 100 100 0 100 100 100 100
100 100 100 100 0 100 100 100 100 100 100 100 100 0 100 100 100 100 100 100 100 100 0 100 100 100 100
100 100 100 100 0 100 100 100 100 100 100 100 100 0 100 100 100 100 100 100 100 100 0 100 100 100 100
100 100 100 100 6 100 100 100 100 100 100 100 100 0 100 100 100 100 100 100 100 100 0 100 100 100 100
100 100 0 0 -5 -5 -5 100 100 100 100 0 0 0 0 0 100 100 100 100 0 0 0 0 0 100 100
100 100 0 0 100 -5 0 100 100 100 100 0 0 100 0 0 100 100 100 100 0 0 0 0 0 100 100
100 100 0 0 0 100 0 0 0 0 0 0 100 0 0 0 100 100 100 100 0 0 0 0 0 100 100
100 100 0 0 0 0 0 100 100 100 100 0 0 0 -5 -5 100 100 100 100 0 100 0 100 0 100 100
100 100 0 0 0 0 0 100 100 100 100 0 0 0 -5 -5 100 100 100 100 -5 100 0 100 -5 100 100
100 100 100 100 100 100 100 100 100 100 100 100 100 100 100 100 100 100 100 100 100 100 0 100 100 100 100
100 100 100 100 100 100 100 100 100 100 100 100 100 100 100 100 100 100 100 100 100 100 0 100 100 100 100
100 100 100 100 100 100 100 100 100 100 100 100 100 100 100 100 100 100 100 100 100 100 0 100 100 100 100
100 100 100 100 100 100 100 100 100 100 100 100 100 100 100 100 100 100 100 100 100 100 0 100 100 100 100
100 100 0 0 -5 0 0 100 100 100 100 0 0 0 0 0 100 100 100 100 0 0 0 0 -5 100 100
100 100 0 0 0 0 -5 100 100 100 100 0 0 0 0 0 100 100 100 100 0 100 0 0 0 100 100
100 100 -5 0 0 0 0 0 0 0 0 0 0 0 19 0 0 0 0 0 0 0 0 0 100 100 100
100 100 0 0 0 0 -5 100 100 100 100 0 0 0 0 0 100 100 100 100 0 0 100 0 0 100 100
100 100 0 0 0 -5 0 100 100 100 100 0 0 0 0 0 100 100 100 100 -5 0 0 0 0 100 100
100 100 100 100 100 100 100 100 100 100 100 100 100 100 100 100 100 100 100 100 100 100 100 100 100 100 100
100 100 100 100 100 100 100 100 100 100 100 100 100 100 100 100 100 100 100 100 100 100 100 100 100 100 100 100