Количество пройденных подземелий, номер подземелья с игроком, количество сохранений, количество смертей, дары, x_pred, y_pred,
boss_battle, phase_flag, dialog_phase, vub_flag, m, k, z, min_hero_sila, sch_10, monster_HP_visible
S  0  1  0, 0, 0, 0, 0, 0, 0, 0, 0, 0, 0  3, 0, 0, 0, 0, 0, 0, 0, 0, 0, 0, 0, 0, 0, 0, 0, 0, 0, 0, 0, 0  4  7  0  0 -1  0  0  0  2  1  0  1
R3  9  9
  100  100  100  100  100  100  100  100  100|  100  100  100  100  100  100  100  100  100|  100  100  100  100  100  100  100  100  100
  100  100    0    0    0    0    0  100  100|  100  100    0    0    0    0    0  100  100|  100  100    0    0    0    0    0  100  100
  100    0    0  100    0  100    0    0  100|  100    0    0  100    0  100    0    0  100|  100    0    0  100    0  100    0    0  100
  100    0  100  100  -10  100  100    0  100|  100    0  100  100  -10  100  100    0  100|  100    0  100  100  -10  100  100    0  100
  100    0    0    0  100    0    0    0  100|  100    0    0    0  100    0    0    0  100|  100    0    0    0  100    0    0    0  100
  100    0  100  100    0  100  100    0  100|  100    0  100  100    0  100  100    0  100|  100    0  100  100    0  100  100    0  100
  100    0    0    0    5    0    0    0  100|  100    0    0    0    0    0    0    0  100|  100    0    0    0    0    0    0    0  100
  100  100    0  100  100  100    0  100  100|  100  100    0    0    5    0    0  100  100|  100  100    0    0    0    0    0  100  100
  100  100  100  100    0  100  100   90  100|  100  100  100  100    0  100  100   90  100|  100  100  100  100    5  100  100  100  100
  0  0  0  0
  0  0  0  0
  0  0  0  0
  0  0  0  0
  0  0  0  0
  0  0  0  0
  0  0  0  0
  0  0  0  0
  0  0  0  0
  0  0  0  0
  0  0  0  0
  0  0  0  0
  0  0  0  0
  0  0  0  0
  0  0  0  0
  0  0  0  0
  0  0  0  0
  0  0  0  0
  0  0  0  0
  0  0  0  0
-
  0  0  0  0
  0  0  0  0
  0  0  0  0
  0  0  0  0
  0  0  0  0
  0  0  0  0
  0  0  0  0
  0  0  0  0
  0  0  0  0
  0  0  0  0
  0  0  0  0
  0  0  0  0
  0  0  0  0
  0  0  0  0
  0  0  0  0
  0  0  0  0
  0  0  0  0
  0  0  0  0
  0  0  0  0
  0  0  0  0
-
  0  0  0  0
  0  0  0  0
  0  0  0  0
  0  0  0  0
  0  0  0  0
  0  0  0  0
  0  0  0  0
  0  0  0  0
  0  0  0  0
  0  0  0  0
  0  0  0  0
  0  0  0  0
  0  0  0  0
  0  0  0  0
  0  0  0  0
  0  0  0  0
  0  0  0  0
  0  0  0  0
  0  0  0  0
  0  0  0  0
-
   1 100   1   3
   1 100   1   3
   1 100   1   3

D  3  3  3  9  9
  100  100  100  100  100  100  100  100  100  100  100  100  100  100  100  100  100  100  100  100  100  100  100  100  100  100  100
  100  100  100  100    0  100  100  100  100  100  100  100  100  100  100  100  100  100  100  100  100  100  100  100  100  100  100
  100  100    0    0    0    0    0  100  100  100  100    0    0    0    0    0  100  100  100  100    0    0    0    0    0  100  100
  100  100    0    0    0    0    0  100  100  100  100    0    0    0    0    0  100  100  100  100    0    0    0    0    0  100  100
  100  100    0    0    0    0    0  100  100  100  100    0    0    0    0    0    0    0    0    0    0    0    0    0    0    0  100
  100  100    0    0    0    0    0  100  100  100  100    0    0    0    0    0  100  100  100  100    0    0    0    0    0  100  100
  100  100    0    0    0    0    0  100  100  100  100    0    0    0    0    0  100  100  100  100    0    0    0    0    0  100  100
  100  100  100  100    0  100  100  100  100  100  100  100  100    0  100  100  100  100  100  100  100  100  100  100  100  100  100
  100  100  100  100    0  100  100  100  100  100  100  100  100    0  100  100  100  100  100  100  100  100  100  100  100  100  100
  100  100  100  100    0  100  100  100  100  100  100  100  100    0  100  100  100  100  100  100  100  100  100  100  100  100  100
  100  100  100  100    0  100  100  100  100  100  100  100  100    0  100  100  100  100  100  100  100  100  100  100  100  100  100
  100  100    0    0    0    0    0  100  100  100  100    0    0    0    0    0  100  100  100  100    0    0    0    0    0  100  100
  100  100    0    0    0    0    0  100  100  100  100    0    0    0    0    0  100  100  100  100    0    0    0    0    0  100  100
  100  100    0    0    0    0    0    0    0    0    0    0    0    0    0    0    0    0    0    0    0    0   79    0    0  100  100
  100  100    0    0    0    0    0  100  100  100  100    0    0    0    0    0  100  100  100  100    0    0    0    0    0  100  100
  100  100    0    0    0    0    0  100  100  100  100    0    0    0    0    0  100  100  100  100    0    0    0    0    0  100  100
  100  100  100  100  100  100  100  100  100  100  100  100  100    0  100  100  100  100  100  100  100  100    0  100  100  100  100
  100  100  100  100  100  100  100  100  100  100  100  100  100    0  100  100  100  100  100  100  100  100    0  100  100  100  100
  100  100  100  100  100  100  100  100  100  100  100  100  100    0  100  100  100  100  100  100  100  100    0  100  100  100  100
  100  100  100  100  100  100  100  100  100  100  100  100  100    0  100  100  100  100  100  100  100  100    0  100  100  100  100
  100  100    0    0    0    0    0  100  100  100  100    0    0    0    0    0  100  100  100  100    0    0    0    0    0  100  100
  100  100    0    0    0    0    0  100  100  100  100    0    0    0    0    0  100  100  100  100    0    0    0    0    0  100  100
  100    0    0    0    0    0    0    0    0    0    0    0    0    0    0    0  100  100  100  100    0    0    0    0    0  100  100
  100  100    0    0    0    0    0  100  100  100  100    0    0    0    0    0  100  100  100  100    0    0    0    0    0  100  100
  100  100    0    0    0    0    0  100  100  100  100    0    0    0    0    0  100  100  100  100    0    0    0    0    0  100  100
  100  100  100  100  100  100  100  100  100  100  100  100  100  100  100  100  100  100  100  100  100  100    0  100  100  100  100
  100  100  100  100  100  100  100  100  100  100  100  100  100  100  100  100  100  100  100  100  100  100  100  100  100  100  100

  100  100  100  100  100  100  100  100  100  100  100  100  100  100  100  100  100  100  100  100  100  100  100  100  100  100  100
  100  100  100  100  100  100  100  100  100  100  100  100  100  100  100  100  100  100  100  100  100  100  100  100  100  100  100
  100  100    0    0    0    0    0  100  100  100  100    0    0    0    0    0  100  100  100  100    0    0    0    0    0  100  100
  100  100    0    0    0    0    0  100  100  100  100    0    0    0    0    0  100  100  100  100    0    0    0    0    0  100  100
  100  100    0    0    0    0    0    0    0    0    0    0    0    0    0    0    0    0    0    0    0    0    0    0    0  100  100
  100  100    0    0    0    0    0  100  100  100  100    0    0    0    0    0  100  100  100  100    0    0    0    0    0  100  100
  100  100    0    0    0    0    0  100  100  100  100    0    0    0    0    0  100  100  100  100    0    0    0    0    0  100  100
  100  100  100  100    0  100  100  100  100  100  100  100  100  100  100  100  100  100  100  100  100  100    0  100  100  100  100
  100  100  100  100    0  100  100  100  100  100  100  100  100  100  100  100  100  100  100  100  100  100    0  100  100  100  100
  100  100  100  100    0  100  100  100  100  100  100  100  100  100  100  100  100  100  100  100  100  100    0  100  100  100  100
  100  100  100  100    0  100  100  100  100  100  100  100  100  100  100  100  100  100  100  100  100  100    0  100  100  100  100
  100  100    0    0    0    0    0  100  100  100  100    0    0    0    0    0  100  100  100  100    0    0    0    0    0  100  100
  100  100    0    0    0    0    0  100  100  100  100    0    0    0    0    0  100  100  100  100    0    0    0    0    0  100  100
  100  100    0    0    0    0    0    0    0    0    0    0    0    0    0    0    0  100  100  100    0    0   19    0    0  100  100
  100  100    0    0    0    0    0  100  100  100  100    0    0    0    0    0  100  100  100  100    0    0    0    0    0  100  100
  100  100    0    0    0    0    0  100  100  100  100    0    0    0    0    0  100  100  100  100    0    0    0    0    0  100  100
  100  100  100  100    0  100  100  100  100  100  100  100  100  100  100  100  100  100  100  100  100  100    0  100  100  100  100
  100  100  100  100    0  100  100  100  100  100  100  100  100  100  100  100  100  100  100  100  100  100    0  100  100  100  100
  100  100  100  100    0  100  100  100  100  100  100  100  100  100  100  100  100  100  100  100  100  100    0  100  100  100  100
  100  100  100  100    0  100  100  100  100  100  100  100  100  100  100  100  100  100  100  100  100  100    0  100  100  100  100
  100  100    0    0    0    0    0  100  100  100  100    0    0    0    0    0  100  100  100  100    0    0    0    0    0  100  100
  100  100    0    0    0    0    0  100  100  100  100    0    0  100    0    0  100  100  100  100    0   -2    0    0    0  100  100
  100  100    0    0    0    0    0    0    0    0    0    0    0    0   79    0  100  100  100  100    0    0   -3    0    0  100  100
  100  100    0    0    0    0    0  100  100  100  100    0    0  100    0    0  100  100  100  100    0    0    0   -3    0  100  100
  100  100    0    0    0    0    0  100  100  100  100    0    0    0    0    0  100  100  100  100    0    0    0   -3    0  100  100
  100  100  100  100  100  100  100  100  100  100  100  100  100  100  100  100  100  100  100  100  100  100    0  100  100  100  100
  100  100  100  100  100  100  100  100  100  100  100  100  100  100  100  100  100  100  100  100  100  100  100  100  100  100  100

  100  100  100  100  100  100  100  100  100  100  100  100  100  100  100  100  100  100  100  100  100  100  100  100  100  100  100
  100  100    0    0    0    0    0  100  100  100  100  100  100  100  100  100  100  100  100  100  100  100  100  100  100  100  100
  100    0    0  100    0  100    0    0  100  100  100    0    0    0    0    0  100  100  100  100    0   -8    0    0    0  100  100
  100    0  100  100  -10  100  100    0  100  100  100    0  100    0    0    0  100  100  100  100    0    0  100  100    0  100  100
  100    0    0    0  100    0    0    0  100  100  100    0  100    0    0    0    0    0    0    0   -7    0    0  100    0  100  100
  100    0  100  100    0  100  100    0  100  100  100    0    0    0    0    0  100  100  100  100    0    0    0    0    0  100  100
  100    0    0    0    5    0    0    0  100  100  100    0    0    0    0    0  100  100  100  100    0    0    0    0    0  100  100
  100  100    0  100  100  100    0  100  100  100  100  100  100    0  100  100  100  100  100  100  100  100    0  100  100  100  100
  100  100  100  100    0  100  100   90  100  100  100  100  100    0  100  100  100  100  100  100  100  100    0  100  100  100  100
  100  100  100  100    0  100  100  100  100  100  100  100  100    0  100  100  100  100  100  100  100  100    0  100  100  100  100
  100  100  100  100    0  100  100  100  100  100  100  100  100    0  100  100  100  100  100  100  100  100    0  100  100  100  100
  100  100    0    0    0    0    0  100  100  100  100    0    0    0    0    0  100  100  100  100   -5    0   -5    0    0  100  100
  100  100    0    0  100    0    0  100  100  100  100    0    0  100    0    0  100  100  100  100    0    0    0    0    0  100  100
  100  100    0    0    0  100    0    0    0    0    0    0  100    0    0    0  100  100  100  100    0    0    0    0    0  100  100
  100  100    0    0    0    0    0  100  100  100  100    0    0    0    0    0  100  100  100  100    0  100    0  100    0  100  100
  100  100    0    0    0    0    0  100  100  100  100    0    0    0    0    0  100  100  100  100    0  100    0  100    0  100  100
  100  100  100  100  100  100  100  100  100  100  100  100  100  100  100  100  100  100  100  100  100  100    0  100  100  100  100
  100  100  100  100  100  100  100  100  100  100  100  100  100  100  100  100  100  100  100  100  100  100    0  100  100  100  100
  100  100  100  100  100  100  100  100  100  100  100  100  100  100  100  100  100  100  100  100  100  100    0  100  100  100  100
  100  100  100  100  100  100  100  100  100  100  100  100  100  100  100  100  100  100  100  100  100  100    0  100  100  100  100
  100  100    0    0   -5    0    0  100  100  100  100    0    0    0    0    0  100  100  100  100    0    0    0    0    0  100  100
  100  100    0    0    0    0   -5  100  100  100  100    0    0    0    0    0  100  100  100  100    0  100    0    0    0  100  100
  100  100   -5    0    0    0    0    0    0    0    0    0    0    0   19    0    0    0    0    0    0    0    0    0  100  100  100
  100  100    0    0    0    0   -5  100  100  100  100    0    0    0    0    0  100  100  100  100    0    0  100    0    0  100  100
  100  100    0    0   -5    0    0  100  100  100  100    0    0    0    0    0  100  100  100  100    0    0    0    0    0  100  100
  100  100  100  100  100  100  100  100  100  100  100  100  100  100  100  100  100  100  100  100  100  100  100  100  100  100  100
  100  100  100  100  100  100  100  100  100  100  100  100  100  100  100  100  100  100  100  100  100  100  100  100  100  100  100


T 120
ch  x  y  m  k  z napr
  0  0  0  0  0  0  0
  0  0  0  0  0  0  0
  0  0  0  0  0  0  0
  0  0  0  1  0  0  0
  0  0  0  0  0  0  0
  0  0  0  0  0  0  0
  0  0  0  1  0  0  0
  0  0  0  2  0  0  0
  0  0  0  2  0  0  0
  0  0  0  2  0  0  0
  0  0  0  0  0  0  0
  0  0  0  1  0  0  0
  0  0  0  1  0  0  0
  0  0  0  2  0  0  0
  0  0  0  2  0  0  0
  0  0  0  2  0  0  0
  0  0  0  0  0  0  0
  0  0  0  0  0  0  0
  0  0  0  1  0  0  0
  0  0  0  1  0  0  0
  0  0  0  2  0  0  0
  0  0  0  2  0  0  0
  0  0  0  2  0  0  0
  0  0  0  1  0  0  0
  0  0  0  1  1  0  0
  0  0  0  1  1  0  0
  0  0  0  1  1  0  0
  0  0  0  1  1  0  0
  0  0  0  1  1  0  0
  0  0  0  1  1  0  0
  0  0  0  1  1  0  0
  0  0  0  1  1  0  0
  0  0  0  1  1  0  0
  0  0  0  0  2  0  0
  0  0  0  1  2  0  0
  0  0  0  2  2  0  0
  0  0  0  2  2  0  0
  0  0  0  0  2  0  0
  0  0  0  0  2  0  0
  0  0  0  0  2  0  0
  0  0  0  1  2  0  0
  0  0  0  1  2  0  0
  0  0  0  1  2  0  0
  0  0  0  2  2  0  0
  0  0  0  2  2  0  0
  0  0  0  0  2  0  0
  0  0  0  0  2  0  0
  0  0  0  1  2  0  0
  0  0  0  2  2  0  0
  0  0  0  0  2  0  0
  0  0  0  0  2  0  0
  0  0  0  0  2  0  0
  0  0  0  1  2  0  0
  0  0  0  1  2  0  0
  0  0  0  2  2  0  0
  0  0  0  0  2  0  0
  0  0  0  2  2  0  0
  0  0  0  2  2  0  0
  0  0  0  2  2  0  0
  0  0  0  2  2  0  0
  0  0  0  2  2  0  0
  0  0  0  0  0  1  0
  0  0  0  0  0  1  0
  0  0  0  1  0  1  0
  0  0  0  2  0  1  0
  0  0  0  1  0  1  0
  0  0  0  1  0  1  0
  0  0  0  0  0  1  0
  0  0  0  1  0  1  0
  0  0  0  1  0  1  0
  0  0  0  2  0  1  0
  0  0  0  0  0  1  0
  0  0  0  0  0  1  0
  0  0  0  1  0  1  0
  0  0  0  2  0  1  0
  0  0  0  2  0  1  0
  0  0  0  0  1  1  0
  0  0  0  0  1  1  0
  0  0  0  0  1  1  0
  0  0  0  1  1  1  0
  0  0  0  1  1  1  0
  0  0  0  0  1  1  0
  0  0  0  1  1  1  0
  0  0  0  0  1  1  0
  0  0  0  1  1  1  0
  0  0  0  1  1  1  0
  0  0  0  0  2  1  0
  0  0  0  1  2  1  0
  0  0  0  2  2  1  0
  0  0  0  0  2  1  0
  3  3  3  2  2  1 80
  3  4  4  2  2  1 76
  0  0  0  0  2  1  0
  3  5  5  2  2  1 76
  0  0  0  0  2  1  0
  0  0  0  1  2  1  0
  3  5  6  2  2  1 80
  0  0  0  1  0  2  0
  0  0  0  1  0  2  0
  0  0  0  2  0  2  0
  5  3  2  2  0  2 80
  5  2  4  2  0  2 86
  0  0  0  1  0  2  0
  0  0  0  0  1  2  0
  0  0  0  0  1  2  0
  0  0  0  0  1  2  0
  0  0  0  0  1  2  0
  0  0  0  1  1  2  0
  0  0  0  1  1  2  0
  0  0  0  1  1  2  0
  0  0  0  1  1  2  0
  5  2  2  2  1  2 76
  5  4  2  2  1  2 76
  5  4  2  0  2  2  0
  0  0  0  2  2  2  0
  5  6  3  0  2  2  0
  5  2  4  0  2  2  0
  5  6  5  0  2  2  0
  5  5  6  0  2  2  0
  0  0  0  2  2  2  0
K
  0  0  0
  0  0  0
  0  0  0

  0  0  0
  0  0  0
  0  0  0

  3  0  0
  0  0  0
  0  0  0

